0 0.136157 0.670484 0.028284 0.056492
0 0.184670 0.483942 0.028273 0.056512
0 0.648763 0.782833 0.028273 0.056512
0 0.591365 0.719415 0.028273 0.056492
0 0.652004 0.580272 0.028273 0.056512
0 0.706983 0.584859 0.028273 0.056492
0 0.280885 0.251522 0.028273 0.056512
0 0.433699 0.341744 0.028273 0.056512
0 0.320506 0.291280 0.028284 0.056512
0 0.290155 0.407440 0.026684 0.039758
0 0.554174 0.653669 0.026684 0.039758
0 0.865032 0.779032 0.097015 0.102419
1 0.546199 0.195312 0.088412 0.041069
1 0.961269 1.202863 0.042772 0.028226
1 0.851855 1.190323 0.042772 0.028226
1 0.745752 1.192419 0.042783 0.028226
1 0.577180 1.191371 0.076983 0.028226
1 1.072894 0.691825 0.013550 0.086754
1 0.929094 0.391986 0.012367 0.041069
1 0.155730 0.293810 0.069776 0.031976
1 0.173204 0.870665 0.068945 0.027218
1 0.316461 0.861613 0.068934 0.027218
1 0.428849 0.869274 0.041450 0.027218
1 0.594590 0.867742 0.039819 0.027218
1 0.263918 0.291290 0.049563 0.027218
