0 0.469274 0.134554 0.042020 0.071839
0 0.839057 0.784404 0.042020 0.071839
0 0.828275 0.792048 0.042026 0.071847
0 0.830440 0.931965 0.054981 0.082557
0 0.971658 0.237001 0.042026 0.071839
0 0.924224 0.055043 0.042026 0.071839
0 0.678422 0.091744 0.042020 0.071839
0 0.624516 0.120797 0.042020 0.071839
0 0.243408 0.251500 0.042042 0.047403
0 0.240721 0.389905 0.042042 0.047403
0 0.296255 0.400592 0.051720 0.065746
0 0.193297 0.639155 0.042020 0.071839
0 0.253659 0.611642 0.050668 0.065746
0 0.622362 0.034013 0.042020 0.068027
0 0.507006 0.126914 0.042026 0.071839
0 0.788386 0.389905 0.042026 0.071839
