0 0.303706 0.280578 0.038173 0.059626
0 0.493458 0.375383 0.038160 0.059626
0 0.460184 0.715578 0.038160 0.059626
0 0.362595 0.714831 0.038160 0.059626
0 0.306980 0.775996 0.038173 0.059644
0 0.267716 0.535934 0.038173 0.059626
0 0.140127 0.494653 0.038173 0.059626
0 0.101980 0.337135 0.035939 0.053488
0 0.142830 0.331023 0.028299 0.050409
0 0.137931 0.156744 0.033782 0.041317
0 0.624315 0.710240 0.038173 0.059626
0 0.790076 0.520641 0.038173 0.059644
0 0.795533 0.369262 0.038173 0.059626
1 0.667938 0.899849 0.078058 0.023327
1 0.841320 0.892989 0.099848 0.021851
1 0.928617 0.633772 0.014848 0.075445
1 0.851720 0.390667 0.052931 0.023327
1 0.614505 0.396788 0.078071 0.023327
1 0.545279 0.396788 0.046396 0.023327
1 0.146675 0.827980 0.078071 0.023327
1 0.140121 0.086397 0.038794 0.023327
1 0.321726 0.081806 0.044213 0.023327
1 0.057253 0.153674 0.038794 0.023327
1 0.049613 0.231646 0.038794 0.023327
1 0.054492 0.366192 0.020203 0.078292
1 0.650171 0.172375 0.105241 0.036246
1 1.144251 1.061601 0.050914 0.024911
1 1.014010 1.050534 0.050914 0.024911
1 0.887709 1.052384 0.050926 0.024911
1 0.687049 1.051459 0.091637 0.024911
1 1.277126 0.610578 0.016129 0.076566
1 1.105952 0.345952 0.014721 0.036246
1 0.185374 0.259306 0.083058 0.028221
1 0.206174 0.768416 0.082069 0.024021
1 0.376701 0.760427 0.082056 0.024021
1 0.510482 0.767189 0.049340 0.024021
1 0.707773 0.765836 0.047398 0.024021
1 0.314156 0.257082 0.058997 0.024021
