0 0.719200 0.803540 0.028138 0.048968
0 0.059079 0.399086 0.041222 0.062684
0 0.866518 0.522935 0.041222 0.062684
0 0.849418 0.417434 0.041222 0.062684
0 0.850427 0.643732 0.041222 0.062684
0 0.638240 0.636077 0.038167 0.070324
0 0.292357 0.391438 0.041222 0.062699
0 0.340126 0.402935 0.034200 0.048997
0 0.416523 0.479329 0.032134 0.061106
0 0.397944 0.784403 0.041222 0.062699
0 0.303424 0.776755 0.041222 0.062684
0 0.426091 0.194189 0.041222 0.062684
0 0.808186 0.747699 0.031154 0.047375
0 0.394428 0.643805 0.039273 0.067257
0 0.588506 0.635324 0.041222 0.062684
1 0.699597 0.133791 0.038923 0.020649
1 0.874559 0.879971 0.038914 0.020649
1 0.775015 0.870796 0.038914 0.020649
1 0.678482 0.872330 0.038923 0.020649
1 0.525116 0.871563 0.070039 0.020649
1 0.976115 0.506114 0.012328 0.063466
