0 0.542431 0.561931 0.050298 0.050463
1 0.273700 0.532876 0.089583 0.015290
1 0.375843 0.529807 0.089583 0.015290
1 0.599008 0.045097 0.089563 0.015290
1 0.430853 0.048166 0.089563 0.015290
1 0.765585 0.045097 0.089583 0.015290
1 0.915675 0.460251 0.017460 0.042819
0 0.240734 0.226274 0.050278 0.050463
0 0.561290 0.233176 0.050278 0.050444
0 0.504712 0.231651 0.050298 0.050444
0 0.559712 0.451824 0.050298 0.053494
0 0.742014 0.286699 0.050298 0.050463
0 0.680724 0.814218 0.050298 0.050444
0 0.679157 0.948774 0.050298 0.050444
0 0.770308 0.954884 0.050298 0.050463
0 0.940030 0.583330 0.050298 0.050444
0 0.815873 0.404431 0.050278 0.050444
0 0.696438 0.379961 0.050298 0.050463
0 0.686974 0.450357 0.043909 0.041371
0 0.682331 0.503089 0.044067 0.042857
0 0.613919 0.403668 0.042401 0.039768
1 0.052143 0.178108 0.015714 0.085637
1 0.170804 0.529788 0.089583 0.015290
1 0.915675 0.350994 0.023016 0.039324
1 1.789028 1.151776 0.079603 0.027027
1 1.585397 1.139768 0.079603 0.027027
1 1.387927 1.141776 0.079623 0.027027
1 1.074196 1.140772 0.143274 0.027027
1 1.996776 0.662442 0.025218 0.083069
1 0.582500 0.633021 0.023016 0.039324
1 0.582500 0.695714 0.023016 0.039344
1 0.587222 0.755357 0.023016 0.039324
